image: dummy-2.pgm
resolution: 0.250000
origin: [331.000000, 908.250000, 0.000000]
negate: 0
occupied_thresh: 0.65
free_thresh: 0.196

