image: dummy-3.pgm
resolution: 0.250000
origin: [354.750000, 918.000000, 0.000000]
negate: 0
occupied_thresh: 0.65
free_thresh: 0.196

