image: dummy-1.pgm
resolution: 0.250000
origin: [322.250000, 904.000000, 0.000000]
negate: 0
occupied_thresh: 0.65
free_thresh: 0.196

